0,    5.099
0.01,    5.09699
0.02,    5.09395
0.03,    5.08984
0.04,    5.08462
0.05,    5.07822
0.06,    5.07055
0.07,    5.06145
0.08,    5.05073
0.09,    5.03803
0.1,    5.02271
0.11,    5.00298
0.12,    4.94967
0.13,    4.89637
0.14,    4.84307
0.15,    4.78976
0.16,    4.73646
0.17,    4.68316
0.18,    4.62985
0.19,    4.57655
0.2,    4.52325
0.21,    4.46994
0.22,    4.41664
0.23,    4.36333
0.24,    4.31003
0.25,    4.25673
0.26,    4.20342
0.27,    4.15012
0.28,    4.09682
0.29,    4.04351
0.3,    3.99021
0.31,    3.93691
0.32,    3.8836
0.33,    3.8303
0.34,    3.77699
0.35,    3.72369
0.36,    3.67039
0.37,    3.61708
0.38,    3.56378
0.39,    3.51048
0.4,    3.45717
0.41,    3.40387
0.42,    3.35057
0.43,    3.29726
0.44,    3.24396
0.45,    3.19065
0.46,    3.13735
0.47,    3.08405
0.48,    3.03074
0.49,    2.97744
0.5,    2.92414
0.51,    2.87083
0.52,    2.81753
0.53,    2.76423
0.54,    2.71092
0.55,    2.65762
0.56,    2.60431
0.57,    2.55101
0.58,    2.49771
0.59,    2.4444
0.6,    2.3911
0.61,    2.3378
0.62,    2.28449
0.63,    2.23119
0.64,    2.17789
0.65,    2.12458
0.66,    2.07128
0.67,    2.01797
0.68,    1.96467
0.69,    1.91137
0.7,    1.85806
0.71,    1.80476
0.72,    1.75146
0.73,    1.69815
0.74,    1.64485
0.75,    1.59155
0.76,    1.53824
0.77,    1.48494
0.78,    1.43163
0.79,    1.37833
0.8,    1.32503
0.81,    1.27172
0.82,    1.21842
0.83,    1.16512
0.84,    1.11181
0.85,    1.05851
0.86,    1.00521
0.87,    0.951902
0.88,    0.898598
0.89,    0.845295
0.9,    0.791991
0.91,    0.738687
0.92,    0.685384
0.93,    0.63208
0.94,    0.578776
0.95,    0.525473
0.96,    0.472169
0.97,    0.418866
0.98,    0.365562
0.99,    0.312258
1,    0.258955
1.01,    0.205651
1.02,    0.152347
1.03,    0.0990437
1.04,    0.0457401
1.05,    -0.00756356
1.06,    -0.0608672
1.07,    -0.114171
1.08,    -0.167474
1.09,    -0.220778
1.1,    -0.274082
1.11,    -0.327385
1.12,    -0.380689
1.13,    -0.433993
1.14,    -0.487296
1.15,    -0.5406
1.16,    -0.593904
1.17,    -0.647207
1.18,    -0.700511
1.19,    -0.753814
1.2,    -0.807118
1.21,    -0.860422
1.22,    -0.913725
1.23,    -0.967029
1.24,    -1.02033
1.25,    -1.07364
1.26,    -1.12694
1.27,    -1.18024
1.28,    -1.23355
1.29,    -1.28685
1.3,    -1.34015
1.31,    -1.39346
1.32,    -1.44676
1.33,    -1.50007
1.34,    -1.55337
1.35,    -1.60667
1.36,    -1.65998
1.37,    -1.71328
1.38,    -1.76658
1.39,    -1.81989
1.4,    -1.87319
1.41,    -1.92649
1.42,    -1.9798
1.43,    -2.0331
1.44,    -2.08641
1.45,    -2.13971
1.46,    -2.19301
1.47,    -2.24632
1.48,    -2.29962
1.49,    -2.35292
1.5,    -2.40623
1.51,    -2.45953
1.52,    -2.51283
1.53,    -2.56614
1.54,    -2.61944
1.55,    -2.67275
1.56,    -2.72605
1.57,    -2.77935
1.58,    -2.83266
1.59,    -2.88596
1.6,    -2.93926
1.61,    -2.99257
1.62,    -3.04587
1.63,    -3.09917
1.64,    -3.15248
1.65,    -3.20578
1.66,    -3.25909
1.67,    -3.31239
1.68,    -3.36569
1.69,    -3.419
1.7,    -3.4723
1.71,    -3.5256
1.72,    -3.57891
1.73,    -3.63221
1.74,    -3.68551
1.75,    -3.73882
1.76,    -3.79212
1.77,    -3.84543
1.78,    -3.89873
1.79,    -3.95203
1.8,    -4.00534
1.81,    -4.05864
1.82,    -4.11194
1.83,    -4.16525
1.84,    -4.21855
1.85,    -4.27185
1.86,    -4.32516
1.87,    -4.37846
1.88,    -4.43177
1.89,    -4.48507
1.9,    -4.53837
1.91,    -4.59168
1.92,    -4.64498
1.93,    -4.69828
1.94,    -4.75159
1.95,    -4.80489
1.96,    -4.85819
1.97,    -4.9115
1.98,    -4.9648
1.99,    -5.01811
2,    -5.07141
2.01,    -5.12471
2.02,    -5.17802
2.03,    -5.23132
2.04,    -5.28462
2.05,    -5.33793
2.06,    -5.39123
2.07,    -5.44453
2.08,    -5.49784
2.09,    -5.55114
2.1,    -5.60445
2.11,    -5.65775
2.12,    -5.71105
2.13,    -5.76436
2.14,    -5.81766
2.15,    -5.87096
2.16,    -5.92427
2.17,    -5.97757
2.18,    -6.03087
2.19,    -6.08418
2.2,    -6.13748
2.21,    -6.19079
2.22,    -6.24409
2.23,    -6.29739
2.24,    -6.3507
2.25,    -6.404
2.26,    -6.4573
2.27,    -6.51061
2.28,    -6.56391
2.29,    -6.61721
2.3,    -6.67052
2.31,    -6.72382
2.32,    -6.77713
2.33,    -6.83043
2.34,    -6.88373
2.35,    -6.93704
2.36,    -6.99034
2.37,    -7.04364
2.38,    -7.09695
2.39,    -7.15025
2.4,    -7.20355
2.41,    -7.25686
2.42,    -7.31016
2.43,    -7.36347
2.44,    -7.41677
2.45,    -7.47007
2.46,    -7.52338
2.47,    -7.57668
2.48,    -7.62998
2.49,    -7.68329
2.5,    -7.73659
2.51,    -7.78989
2.52,    -7.8432
2.53,    -7.8965
2.54,    -7.94981
2.55,    -8.00311
2.56,    -8.05641
2.57,    -8.10972
2.58,    -8.16302
2.59,    -8.21632
2.6,    -8.26963
2.61,    -8.32293
2.62,    -8.37623
2.63,    -8.42954
2.64,    -8.48284
2.65,    -8.53615
2.66,    -8.58945
2.67,    -8.64275
2.68,    -8.69606
2.69,    -8.74936
2.7,    -8.80266
2.71,    -8.85597
2.72,    -8.90927
2.73,    -8.96257
2.74,    -9.01588
2.75,    -9.06918
2.76,    -9.12249
2.77,    -9.17579
2.78,    -9.22909
2.79,    -9.2824
2.8,    -9.3357
2.81,    -9.389
2.82,    -9.44231
2.83,    -9.49561
2.84,    -9.54891
2.85,    -9.60222
2.86,    -9.65552
2.87,    -9.70883
2.88,    -9.76213
2.89,    -9.81543
2.9,    -9.86874
2.91,    -9.92204
2.92,    -9.97534
2.93,    -10.0286
2.94,    -10.082
2.95,    -10.1353
2.96,    -10.1886
2.97,    -10.2419
2.98,    -10.2952
2.99,    -10.3485
3,    -10.4018
3.01,    -10.4551
3.02,    -10.5084
3.03,    -10.5617
3.04,    -10.615
3.05,    -10.6683
3.06,    -10.7216
3.07,    -10.7749
3.08,    -10.8282
3.09,    -10.8815
3.1,    -10.9348
3.11,    -10.9881
3.12,    -11.0414
3.13,    -11.0947
3.14,    -11.148
3.15,    -11.2013
3.16,    -11.2546
3.17,    -11.3079
3.18,    -11.3612
3.19,    -11.4145
3.2,    -11.4678
3.21,    -11.5211
3.22,    -11.5745
3.23,    -11.6278
3.24,    -11.6811
3.25,    -11.7344
3.26,    -11.7877
3.27,    -11.841
3.28,    -11.8943
3.29,    -11.9476
3.3,    -12.0009
3.31,    -12.0542
3.32,    -12.1075
3.33,    -12.1608
3.34,    -12.2141
3.35,    -12.2674
3.36,    -12.3207
3.37,    -12.374
3.38,    -12.4273
3.39,    -12.4806
3.4,    -12.5339
3.41,    -12.5872
3.42,    -12.6405
3.43,    -12.6938
3.44,    -12.7471
3.45,    -12.8004
3.46,    -12.8537
3.47,    -12.907
3.48,    -12.9603
3.49,    -13.0137
3.5,    -13.067
3.51,    -13.1203
3.52,    -13.1736
3.53,    -13.2269
3.54,    -13.2802
3.55,    -13.3335
3.56,    -13.3868
3.57,    -13.4401
3.58,    -13.4934
3.59,    -13.5467
3.6,    -13.6
3.61,    -13.6533
3.62,    -13.7066
3.63,    -13.7599
3.64,    -13.8132
3.65,    -13.8665
3.66,    -13.9198
3.67,    -13.9731
3.68,    -14.0264
3.69,    -14.0797
3.7,    -14.133
3.71,    -14.1863
3.72,    -14.2396
3.73,    -14.2929
3.74,    -14.3462
3.75,    -14.3995
3.76,    -14.4528
3.77,    -14.5062
3.78,    -14.5595
3.79,    -14.6128
3.8,    -14.6661
3.81,    -14.7194
3.82,    -14.7727
3.83,    -14.826
3.84,    -14.8793
3.85,    -14.9326
3.86,    -14.9859
3.87,    -15.0392
3.88,    -15.0925
3.89,    -15.1458
3.9,    -15.1991
3.91,    -15.2524
3.92,    -15.3057
3.93,    -15.359
3.94,    -15.4123
3.95,    -15.4656
3.96,    -15.5189
3.97,    -15.5722
3.98,    -15.6255
3.99,    -15.6788
4,    -15.7321
4.01,    -15.7854
4.02,    -15.8387
4.03,    -15.892
4.04,    -15.9454
4.05,    -15.9987
4.06,    -16.052
4.07,    -16.1053
4.08,    -16.1586
4.09,    -16.2119
4.1,    -16.2652
4.11,    -16.3185
4.12,    -16.3718
4.13,    -16.4251
4.14,    -16.4784
4.15,    -16.5317
4.16,    -16.585
4.17,    -16.6383
4.18,    -16.6916
4.19,    -16.7449
4.2,    -16.7982
4.21,    -16.8515
4.22,    -16.9048
4.23,    -16.9581
4.24,    -17.0114
4.25,    -17.0647
4.26,    -17.118
4.27,    -17.1713
4.28,    -17.2246
4.29,    -17.2779
4.3,    -17.3312
4.31,    -17.3845
4.32,    -17.4379
4.33,    -17.4912
4.34,    -17.5445
4.35,    -17.5978
4.36,    -17.6511
4.37,    -17.7044
4.38,    -17.7577
4.39,    -17.811
4.4,    -17.8643
4.41,    -17.9176
4.42,    -17.9709
4.43,    -18.0242
4.44,    -18.0775
4.45,    -18.1308
4.46,    -18.1841
4.47,    -18.2374
4.48,    -18.2907
4.49,    -18.344
4.5,    -18.3973
4.51,    -18.4506
4.52,    -18.5039
4.53,    -18.5572
4.54,    -18.6105
4.55,    -18.6638
4.56,    -18.7171
4.57,    -18.7704
4.58,    -18.8237
4.59,    -18.8771
4.6,    -18.9304
4.61,    -18.9837
4.62,    -19.037
4.63,    -19.0903
4.64,    -19.1436
4.65,    -19.1969
4.66,    -19.2502
4.67,    -19.3035
4.68,    -19.3568
4.69,    -19.4101
4.7,    -19.4634
4.71,    -19.5167
4.72,    -19.57
4.73,    -19.6233
4.74,    -19.6766
4.75,    -19.7299
4.76,    -19.7832
4.77,    -19.8365
4.78,    -19.8898
4.79,    -19.9431
4.8,    -19.9964
4.81,    -20.0497
4.82,    -20.103
4.83,    -20.1563
4.84,    -20.2096
4.85,    -20.2629
4.86,    -20.3162
4.87,    -20.3696
4.88,    -20.4229
4.89,    -20.4762
4.9,    -20.5295
4.91,    -20.5828
4.92,    -20.6361
4.93,    -20.6894
4.94,    -20.7427
4.95,    -20.796
4.96,    -20.8493
4.97,    -20.9026
4.98,    -20.9559
4.99,    -21.0092
5,    -21.0625
5.01,    -21.1158
5.02,    -21.1691
5.03,    -21.2224
5.04,    -21.2757
5.05,    -21.329
5.06,    -21.3823
5.07,    -21.4356
5.08,    -21.4889
5.09,    -21.5422
5.1,    -21.5955
5.11,    -21.6488
5.12,    -21.7021
5.13,    -21.7554
5.14,    -21.8088
5.15,    -21.8621
5.16,    -21.9154
5.17,    -21.9687
5.18,    -22.022
5.19,    -22.0753
5.2,    -22.1286
5.21,    -22.1819
5.22,    -22.2352
5.23,    -22.2885
5.24,    -22.3418
5.25,    -22.3951
5.26,    -22.4484
5.27,    -22.5017
5.28,    -22.555
5.29,    -22.6083
5.3,    -22.6616
5.31,    -22.7149
5.32,    -22.7682
5.33,    -22.8215
5.34,    -22.8748
5.35,    -22.9281
5.36,    -22.9814
5.37,    -23.0347
5.38,    -23.088
5.39,    -23.1413
5.4,    -23.1946
5.41,    -23.2479
5.42,    -23.3013
5.43,    -23.3546
5.44,    -23.4079
5.45,    -23.4612
5.46,    -23.5145
5.47,    -23.5678
5.48,    -23.6211
5.49,    -23.6744
5.5,    -23.7277
5.51,    -23.781
5.52,    -23.8343
5.53,    -23.8876
5.54,    -23.9409
5.55,    -23.9942
5.56,    -24.0475
5.57,    -24.1008
5.58,    -24.1541
5.59,    -24.2074
5.6,    -24.2607
5.61,    -24.314
5.62,    -24.3673
5.63,    -24.4206
5.64,    -24.4739
5.65,    -24.5272
5.66,    -24.5805
5.67,    -24.6338
5.68,    -24.6871
5.69,    -24.7405
5.7,    -24.7938
5.71,    -24.8471
5.72,    -24.9004
5.73,    -24.9537
5.74,    -25.007
5.75,    -25.0603
5.76,    -25.1136
5.77,    -25.1669
5.78,    -25.2202
5.79,    -25.2735
5.8,    -25.3268
5.81,    -25.3801
5.82,    -25.4334
5.83,    -25.4867
5.84,    -25.54
5.85,    -25.5933
5.86,    -25.6466
5.87,    -25.6999
5.88,    -25.7532
5.89,    -25.8065
5.9,    -25.8598
5.91,    -25.9131
5.92,    -25.9664
5.93,    -26.0197
5.94,    -26.073
5.95,    -26.1263
5.96,    -26.1796
5.97,    -26.233
5.98,    -26.2863
5.99,    -26.3396
6,    -26.3929
6.01,    -26.4462
6.02,    -26.4995
6.03,    -26.5528
6.04,    -26.6061
6.05,    -26.6594
6.06,    -26.7127
6.07,    -26.766
6.08,    -26.8193
6.09,    -26.8726
6.1,    -26.9259
6.11,    -26.9792
6.12,    -27.0325
6.13,    -27.0858
6.14,    -27.1391
6.15,    -27.1924
6.16,    -27.2457
6.17,    -27.299
6.18,    -27.3523
6.19,    -27.4056
6.2,    -27.4589
6.21,    -27.5122
6.22,    -27.5655
6.23,    -27.6188
6.24,    -27.6722
6.25,    -27.7255
6.26,    -27.7788
6.27,    -27.8321
6.28,    -27.8854
6.29,    -27.9387
6.3,    -27.992
6.31,    -28.0453
6.32,    -28.0986
6.33,    -28.1519
6.34,    -28.2052
6.35,    -28.2585
6.36,    -28.3118
6.37,    -28.3651
6.38,    -28.4184
6.39,    -28.4717
6.4,    -28.525
6.41,    -28.5783
6.42,    -28.6316
6.43,    -28.6849
6.44,    -28.7382
6.45,    -28.7915
6.46,    -28.8448
6.47,    -28.8981
6.48,    -28.9514
6.49,    -29.0047
6.5,    -29.058
6.51,    -29.1113
6.52,    -29.1647
6.53,    -29.218
6.54,    -29.2713
6.55,    -29.3246
6.56,    -29.3779
6.57,    -29.4312
6.58,    -29.4845
6.59,    -29.5378
6.6,    -29.5911
6.61,    -29.6444
6.62,    -29.6977
6.63,    -29.751
6.64,    -29.8043
6.65,    -29.8576
6.66,    -29.9109
6.67,    -29.9642
6.68,    -30.0175
6.69,    -30.0708
6.7,    -30.1241
6.71,    -30.1774
6.72,    -30.2307
6.73,    -30.284
6.74,    -30.3373
6.75,    -30.3906
6.76,    -30.4439
6.77,    -30.4972
6.78,    -30.5505
6.79,    -30.6039
6.8,    -30.6572
6.81,    -30.7105
6.82,    -30.7638
6.83,    -30.8171
6.84,    -30.8704
6.85,    -30.9237
6.86,    -30.977
6.87,    -31.0303
6.88,    -31.0836
6.89,    -31.1369
6.9,    -31.1902
6.91,    -31.2435
6.92,    -31.2968
6.93,    -31.3501
6.94,    -31.4034
6.95,    -31.4567
6.96,    -31.51
6.97,    -31.5633
6.98,    -31.6166
6.99,    -31.6699
7,    -31.7232
7.01,    -31.7765
7.02,    -31.8298
7.03,    -31.8831
7.04,    -31.9364
7.05,    -31.9897
7.06,    -32.043
7.07,    -32.0964
7.08,    -32.1497
7.09,    -32.203
7.1,    -32.2563
7.11,    -32.3096
7.12,    -32.3629
7.13,    -32.4162
7.14,    -32.4695
7.15,    -32.5228
7.16,    -32.5761
7.17,    -32.6294
7.18,    -32.6827
7.19,    -32.736
7.2,    -32.7893
7.21,    -32.8426
7.22,    -32.8959
7.23,    -32.9492
7.24,    -33.0025
7.25,    -33.0558
7.26,    -33.1091
7.27,    -33.1624
7.28,    -33.2157
7.29,    -33.269
7.3,    -33.3223
7.31,    -33.3756
7.32,    -33.4289
7.33,    -33.4822
7.34,    -33.5356
7.35,    -33.5889
7.36,    -33.6422
7.37,    -33.6955
7.38,    -33.7488
7.39,    -33.8021
7.4,    -33.8554
7.41,    -33.9087
7.42,    -33.962
7.43,    -34.0153
7.44,    -34.0686
7.45,    -34.1219
7.46,    -34.1752
7.47,    -34.2285
7.48,    -34.2818
7.49,    -34.3351
7.5,    -34.3884
7.51,    -34.4417
7.52,    -34.495
7.53,    -34.5483
7.54,    -34.6016
7.55,    -34.6549
7.56,    -34.7082
7.57,    -34.7615
7.58,    -34.8148
7.59,    -34.8681
7.6,    -34.9214
7.61,    -34.9747
7.62,    -35.0281
7.63,    -35.0814
7.64,    -35.1347
7.65,    -35.188
7.66,    -35.2413
7.67,    -35.2946
7.68,    -35.3479
7.69,    -35.4012
7.7,    -35.4545
7.71,    -35.5078
7.72,    -35.5611
7.73,    -35.6144
7.74,    -35.6677
7.75,    -35.721
7.76,    -35.7743
7.77,    -35.8276
7.78,    -35.8809
7.79,    -35.9342
7.8,    -35.9875
7.81,    -36.0408
7.82,    -36.0941
7.83,    -36.1474
7.84,    -36.2007
7.85,    -36.254
7.86,    -36.3073
7.87,    -36.3606
7.88,    -36.4139
7.89,    -36.4673
7.9,    -36.5206
7.91,    -36.5739
7.92,    -36.6272
7.93,    -36.6805
7.94,    -36.7338
7.95,    -36.7871
7.96,    -36.8404
7.97,    -36.8937
7.98,    -36.947
7.99,    -37.0003
8,    -37.0536
8.01,    -37.1069
8.02,    -37.1602
8.03,    -37.2135
8.04,    -37.2668
8.05,    -37.3201
8.06,    -37.3734
8.07,    -37.4267
8.08,    -37.48
8.09,    -37.5333
8.1,    -37.5866
8.11,    -37.6399
8.12,    -37.6932
8.13,    -37.7465
8.14,    -37.7998
8.15,    -37.8531
8.16,    -37.9064
8.17,    -37.9598
8.18,    -38.0131
8.19,    -38.0664
8.2,    -38.1197
8.21,    -38.173
8.22,    -38.2263
8.23,    -38.2796
8.24,    -38.3329
8.25,    -38.3862
8.26,    -38.4395
8.27,    -38.4928
8.28,    -38.5461
8.29,    -38.5994
8.3,    -38.6527
8.31,    -38.706
8.32,    -38.7593
8.33,    -38.8126
8.34,    -38.8659
8.35,    -38.9192
8.36,    -38.9725
8.37,    -39.0258
8.38,    -39.0791
8.39,    -39.1324
8.4,    -39.1857
8.41,    -39.239
8.42,    -39.2923
8.43,    -39.3456
8.44,    -39.399
8.45,    -39.4523
8.46,    -39.5056
8.47,    -39.5589
8.48,    -39.6122
8.49,    -39.6655
8.5,    -39.7188
8.51,    -39.7721
8.52,    -39.8254
8.53,    -39.8787
8.54,    -39.932
8.55,    -39.9853
8.56,    -40.0386
8.57,    -40.0919
8.58,    -40.1452
8.59,    -40.1985
8.6,    -40.2518
8.61,    -40.3051
8.62,    -40.3584
8.63,    -40.4117
8.64,    -40.465
8.65,    -40.5183
8.66,    -40.5716
8.67,    -40.6249
8.68,    -40.6782
8.69,    -40.7315
8.7,    -40.7848
8.71,    -40.8382
8.72,    -40.8915
8.73,    -40.9448
8.74,    -40.9981
8.75,    -41.0514
8.76,    -41.1047
8.77,    -41.158
8.78,    -41.2113
8.79,    -41.2646
8.8,    -41.3179
8.81,    -41.3712
8.82,    -41.4245
8.83,    -41.4778
8.84,    -41.5311
8.85,    -41.5844
8.86,    -41.6377
8.87,    -41.691
8.88,    -41.7443
8.89,    -41.7976
8.9,    -41.8509
8.91,    -41.9042
8.92,    -41.9575
8.93,    -42.0108
8.94,    -42.0641
8.95,    -42.1174
8.96,    -42.1707
8.97,    -42.224
8.98,    -42.2773
8.99,    -42.3307
9,    -42.384
9.01,    -42.4373
9.02,    -42.4906
9.03,    -42.5439
9.04,    -42.5972
9.05,    -42.6505
9.06,    -42.7038
9.07,    -42.7571
9.08,    -42.8104
9.09,    -42.8637
9.1,    -42.917
9.11,    -42.9703
9.12,    -43.0236
9.13,    -43.0769
9.14,    -43.1302
9.15,    -43.1835
9.16,    -43.2368
9.17,    -43.2901
9.18,    -43.3434
9.19,    -43.3967
9.2,    -43.45
9.21,    -43.5033
9.22,    -43.5566
9.23,    -43.6099
9.24,    -43.6632
9.25,    -43.7165
9.26,    -43.7699
9.27,    -43.8232
9.28,    -43.8765
9.29,    -43.9298
9.3,    -43.9831
9.31,    -44.0364
9.32,    -44.0897
9.33,    -44.143
9.34,    -44.1963
9.35,    -44.2496
9.36,    -44.3029
9.37,    -44.3562
9.38,    -44.4095
9.39,    -44.4628
9.4,    -44.5161
9.41,    -44.5694
9.42,    -44.6227
9.43,    -44.676
9.44,    -44.7293
9.45,    -44.7826
9.46,    -44.8359
9.47,    -44.8892
9.48,    -44.9425
9.49,    -44.9958
9.5,    -45.0491
9.51,    -45.1024
9.52,    -45.1557
9.53,    -45.209
9.54,    -45.2624
9.55,    -45.3157
9.56,    -45.369
9.57,    -45.4223
9.58,    -45.4756
9.59,    -45.5289
9.6,    -45.5822
9.61,    -45.6355
9.62,    -45.6888
9.63,    -45.7421
9.64,    -45.7954
9.65,    -45.8487
9.66,    -45.902
9.67,    -45.9553
9.68,    -46.0086
9.69,    -46.0619
9.7,    -46.1152
9.71,    -46.1685
9.72,    -46.2218
9.73,    -46.2751
9.74,    -46.3284
9.75,    -46.3817
9.76,    -46.435
9.77,    -46.4883
9.78,    -46.5416
9.79,    -46.5949
9.8,    -46.6482
9.81,    -46.7016
9.82,    -46.7549
9.83,    -46.8082
9.84,    -46.8615
9.85,    -46.9148
9.86,    -46.9681
9.87,    -47.0214
9.88,    -47.0747
9.89,    -47.128
9.9,    -47.1813
9.91,    -47.2346
9.92,    -47.2879
9.93,    -47.3412
9.94,    -47.3945
9.95,    -47.4478
9.96,    -47.5011
9.97,    -47.5544
9.98,    -47.6077
9.99,    -47.661
10,    -47.7143
